1.5 1.0 1.148638267
1.5 2.0 1.042367662
1.5 3.0 0.9797185857
1.5 4.0 0.9271889667
1.5 5.0 0.9079402381
1.5 6.0 0.8744523571
1.5 7.0 0.8635599952
1.5 8.0 0.8266382333
2.5 1.0 1.705965762
2.5 2.0 1.47795119
2.5 3.0 1.363909381
2.5 4.0 1.25409219
2.5 5.0 1.186250095
2.5 6.0 1.157983776
2.5 7.0 1.123298386
2.5 8.0 1.122649643
3.5 1.0 2.112941286
3.5 2.0 1.74737719
3.5 3.0 1.566073524
3.5 4.0 1.443767762
3.5 5.0 1.373569524
3.5 6.0 1.301419857
3.5 7.0 1.277894619
3.5 8.0 1.235108238
4.5 1.0 2.326113619
4.5 2.0 1.889905905
4.5 3.0 1.685306286
4.5 4.0 1.519393857
4.5 5.0 1.44852119
4.5 6.0 1.369640571
4.5 7.0 1.317311524
4.5 8.0 1.298726286
5.5 1.0 2.51789481
5.5 2.0 2.040721667
5.5 3.0 1.800995524
5.5 4.0 1.588266476
5.5 5.0 1.501103238
5.5 6.0 1.430352
5.5 7.0 1.403186048
5.5 8.0 1.366859619
6.5 1.0 2.656139048
6.5 2.0 2.104726762
6.5 3.0 1.818142714
6.5 4.0 1.658725952
6.5 5.0 1.539881571
6.5 6.0 1.50052819
6.5 7.0 1.423529762
6.5 8.0 1.38285819