0.5 1.0 0.396039
1.5 1.0 1.15713
2.5 1.0 1.71993
3.5 1.0 2.13033
4.5 1.0 2.34607
5.5 1.0 2.54209
6.5 1.0 2.6802
7.5 1.0 2.73992
8.5 1.0 2.81314
9.5 1.0 2.90128
0.5 2.0 0.398067
1.5 2.0 1.05006
2.5 2.0 1.4897
3.5 2.0 1.76284
4.5 2.0 1.90585
5.5 2.0 2.05729
6.5 2.0 2.12469
7.5 2.0 2.17141
8.5 2.0 2.22754
9.5 2.0 2.26528
0.5 3.0 0.381633
1.5 3.0 0.988422
2.5 3.0 1.37466
3.5 3.0 1.57908
4.5 3.0 1.70036
5.5 3.0 1.81634
6.5 3.0 1.83498
7.5 3.0 1.88728
8.5 3.0 1.90348
9.5 3.0 1.95726
0.5 4.0 0.373403
1.5 4.0 0.933955
2.5 4.0 1.26483
3.5 4.0 1.45682
4.5 4.0 1.53197
5.5 4.0 1.60132
6.5 4.0 1.67423
7.5 4.0 1.71135
8.5 4.0 1.75545
9.5 4.0 1.76224
0.5 5.0 0.375156
1.5 5.0 0.916173
2.5 5.0 1.19465
3.5 5.0 1.38504
4.5 5.0 1.46012
5.5 5.0 1.51396
6.5 5.0 1.55293
7.5 5.0 1.61085
8.5 5.0 1.63331
9.5 5.0 1.62876
0.5 6.0 0.37285
1.5 6.0 0.882611
2.5 6.0 1.16739
3.5 6.0 1.31267
4.5 6.0 1.38289
5.5 6.0 1.44314
6.5 6.0 1.51423
7.5 6.0 1.49665
8.5 6.0 1.53818
9.5 6.0 1.5689
0.5 7.0 0.368558
1.5 7.0 0.869653
2.5 7.0 1.13019
3.5 7.0 1.28901
4.5 7.0 1.33025
5.5 7.0 1.41688
6.5 7.0 1.43686
7.5 7.0 1.44256
8.5 7.0 1.47514
9.5 7.0 1.49772
0.5 8.0 0.368722
1.5 8.0 0.832946
2.5 8.0 1.13295
3.5 8.0 1.24651
4.5 8.0 1.30983
5.5 8.0 1.3805
6.5 8.0 1.39537
7.5 8.0 1.41184
8.5 8.0 1.42428
9.5 8.0 1.43592